226 226 226 226 226 226 226 226 226 226 226 226 226 226 226 226 226 226 226 226 226 226 226 226 226 226 226 226 226 226 226 226 226 226 226 226 226 226 226 226 226 226 226 226 226 226 226 226 226 226 
226 226 226 226 226 226 226 226 226 226 226 226 226 226 226 226 226 226 226 226 226 226 226 226 226 226 226 226 226 226 226 226 226 226 226 226 226 226 226 226 226 226 226 226 226 226 226 226 226 226 
226 226 226 226 226 226 226 226 226 226 226 226 226 226 226 226 226 226 226 226 226 226 226 226 226 226 226 226 226 226 226 226 226 226 226 226 226 226 226 226 226 226 226 226 226 226 226 226 226 226 
226 226 226 226 226 226 226 226 226 226 226 226 226 226 226 226 226 226 226 226 226 226 226 226 226 226 226 226 226 226 226 226 226 226 226 226 226 226 226 226 226 226 226 226 226 226 226 226 226 226 
226 226 226 226 226 226 226 226 226 226 226 226 226 226 226 226 226 226 226 226 226 226 226 226 226 226 226 226 226 226 226 226 226 226 226 226 226 226 226 226 226 226 226 226 226 226 226 226 226 226 
226 226 226 226 226 226 226 226 226 226 226 226 226 226 226 226 226 226 226 226 226 226 226 226 226 226 226 226 226 226 226 226 226 226 226 226 226 226 226 226 226 226 226 226 226 226 226 226 226 226 
226 226 226 226 226 226 226 226 226 226 226 226 226 226 226 226 226 226 226 226 226 226 226 226 226 226 226 226 226 226 226 226 226 226 226 226 226 226 226 226 226 226 226 226 226 226 226 226 226 226 
226 226 226 226 226 226 226 226 226 226 226 226 226 226 226 226 226 226 226 226 226 226 226 226 226 226 226 226 226 226 226 226 226 226 226 226 226 226 226 226 226 226 226 226 226 226 226 226 226 226 
226 226 226 226 226 226 226 226 226 226 226 226 226 226 226 226 226 226 226 226 226 226 226 226 226 226 226 226 226 226 226 226 226 226 226 226 226 226 226 226 226 226 226 226 226 226 226 226 226 226 
226 226 226 226 226 226 226 226 226 226 226 226 226 226 226 226 226 226 226 226 226 226 226 226 226 226 226 226 226 226 226 226 226 226 226 226 226 226 226 226 226 226 226 226 226 226 226 226 226 226 
226 226 226 226 226 226 226 226 226 226 226 226 226 226 226 226 226 226 226 226 226 226 226 226 226 226 226 226 226 226 226 226 226 226 226 226 226 226 226 226 226 226 226 226 226 226 226 226 226 226 
226 226 226 226 226 226 226 226 226 226 226 226 226 226 226 226 226 226 226 226 226 226 226 226 226 226 226 226 226 226 226 226 226 226 226 226 226 226 226 226 226 226 226 226 226 226 226 226 226 226 
226 226 226 226 226 226 226 226 226 226 226 226 226 226 226 226 226 226 226 226 226 226 226 226 226 226 226 226 226 226 226 226 226 226 226 226 226 226 226 226 226 226 226 226 226 226 226 226 226 226 
226 226 226 226 226 226 226 226 226 226 226 226 226 226 226 226 226 226 226 226 226 226 226 226 226 226 226 226 226 226 226 226 226 226 226 226 226 226 226 226 226 226 226 226 226 226 226 226 226 226 
226 226 226 226 226 226 226 226 226 226 226 226 226 226 226 226 226 226 226 226 226 226 226 226 226 226 226 226 226 226 226 226 226 226 226 226 226 226 226 226 226 226 226 226 226 226 226 226 226 226 
226 226 226 226 226 226 226 226 226 226 226 226 226 226 226 226 226 226 226 226 226 226 226 226 226 226 226 226 226 226 226 226 226 226 226 226 226 226 226 226 226 226 226 226 226 226 226 226 226 226 
226 226 226 226 226 226 226 226 226 226 226 226 226 226 226 226 226 226 226 226 226 226 226 226 226 226 226 226 226 226 226 226 226 226 226 226 226 226 226 226 226 226 226 226 226 226 226 226 226 226 
226 226 226 226 226 226 226 226 226 226 226 226 226 226 226 226 226 226 226 226 226 226 226 226 226 226 226 226 226 226 226 226 226 226 226 226 226 226 226 226 226 226 226 226 226 226 226 226 226 226 
226 226 226 226 226 226 226 226 226 226 226 226 226 226 226 226 226 226 226 226 226 226 226 226 226 226 226 226 226 226 226 226 226 226 226 226 226 226 226 226 226 226 226 226 226 226 226 226 226 226 
226 226 226 226 226 226 226 226 226 226 226 226 226 226 226 226 226 226 226 226 226 226 226 226 226 226 226 226 226 226 226 226 226 226 226 226 226 226 226 226 226 226 226 226 226 226 226 226 226 226 
226 226 226 226 226 226 226 226 226 226 226 226 226 226 226 226 226 226 226 226 226 226 226 226 226 226 226 226 226 226 226 226 226 226 226 226 226 226 226 226 226 226 226 226 226 226 226 226 226 226 
226 226 226 226 226 226 226 226 226 226 226 226 226 226 226 226 226 226 226 226 226 226 226 226 200 202 201 202 203 226 226 226 226 226 226 226 226 226 226 226 226 226 226 226 226 226 226 226 226 226 
226 226 226 226 226 226 226 226 226 226 226 226 226 226 226 226 226 226 226 226 226 200 202 201 217 243 248 243 207 226 226 226 226 226 226 226 226 226 226 226 226 226 226 226 226 226 226 226 226 226 
226 226 226 226 226 226 226 226 226 226 226 226 226 226 226 226 226 226 226 226 226 204 225 234 232 235 249 235 207 226 226 226 226 226 226 226 226 226 226 226 226 226 226 226 226 226 226 226 226 226 
226 226 226 226 226 226 226 226 226 226 226 226 226 226 226 226 226 226 226 226 226 204 220 223 233 246 212 245 207 226 226 226 226 226 226 226 226 226 226 226 226 226 226 226 226 226 226 226 226 226 
226 226 226 226 226 226 226 226 226 226 226 226 226 226 226 226 226 226 226 226 226 204 221 212 209 208 210 209 207 226 226 226 226 226 226 226 226 226 226 226 226 226 226 226 226 226 226 226 226 226 
226 226 226 226 226 226 226 226 226 226 226 226 226 226 226 226 226 226 226 226 226 204 221 211 212 208 212 211 207 226 226 226 226 226 226 226 226 226 226 226 226 226 226 226 226 226 226 226 226 226 
226 226 226 226 226 226 226 226 226 226 226 226 226 226 226 226 226 226 226 226 226 204 221 209 236 237 209 210 207 226 226 226 226 226 226 226 226 226 226 226 226 226 226 226 226 226 226 226 226 226 
226 226 226 226 226 226 226 226 226 226 226 226 226 226 226 226 226 226 226 226 226 213 229 227 230 229 227 230 231 226 226 226 226 226 226 226 226 226 226 226 226 226 226 226 226 226 226 226 226 226 
226 226 226 226 226 226 226 226 226 226 226 226 226 226 226 226 226 226 226 226 226 226 226 226 226 226 226 226 226 226 226 226 226 226 226 226 226 226 226 226 226 226 226 226 226 226 226 226 226 226 
226 226 226 226 226 226 226 226 226 226 226 226 226 226 226 226 226 226 226 226 226 226 226 226 226 226 226 226 226 226 226 226 226 226 226 226 226 226 226 226 226 226 226 226 226 226 226 226 226 226 
226 226 226 226 226 226 226 226 226 226 226 226 226 226 226 226 226 226 226 226 226 226 226 226 226 226 226 226 226 226 226 226 226 226 226 226 226 226 226 226 226 226 226 226 226 226 226 226 226 226 
226 226 226 226 226 226 226 226 226 226 226 226 226 226 226 226 226 226 226 226 226 226 226 226 226 226 226 226 226 226 226 226 226 226 226 226 226 226 226 226 226 226 226 226 226 226 226 226 226 226 
226 226 226 226 226 226 226 226 226 226 226 226 226 226 226 226 226 226 226 226 226 226 226 226 226 226 226 226 226 226 226 226 226 226 226 226 226 226 226 226 226 226 226 226 226 226 226 226 226 226 
226 226 226 226 226 226 226 226 226 226 226 226 226 226 226 226 226 226 226 226 226 226 226 226 226 226 226 226 226 226 226 226 226 226 226 226 226 226 226 226 226 226 226 226 226 226 226 226 226 226 
226 226 226 226 226 226 226 226 226 226 226 226 226 226 226 226 226 226 226 226 226 226 226 226 226 226 226 226 226 226 226 226 226 226 226 226 226 226 226 226 226 226 226 226 226 226 226 226 226 226 
226 226 226 226 226 226 226 226 226 226 226 226 226 226 226 226 226 226 226 226 226 226 226 226 226 226 226 226 226 226 226 226 226 226 226 226 226 226 226 226 226 226 226 226 226 226 226 226 226 226 
226 226 226 226 226 226 226 226 226 226 226 226 226 226 226 226 226 226 226 226 226 226 226 226 226 226 226 226 226 226 226 226 226 226 226 226 226 226 226 226 226 226 226 226 226 226 226 226 226 226 
226 226 226 226 226 226 226 226 226 226 226 226 226 226 226 226 226 226 226 226 226 226 226 226 226 226 226 226 226 226 226 226 226 226 226 226 226 226 226 226 226 226 226 226 226 226 226 226 226 226 
226 226 226 226 226 226 226 226 226 226 226 226 226 226 226 226 226 226 226 226 226 226 226 226 226 226 226 226 226 226 226 226 226 226 226 226 226 226 226 226 226 226 226 226 226 226 226 226 226 226 
226 226 226 226 226 226 226 226 226 226 226 226 226 226 226 226 226 226 226 226 226 226 226 226 226 226 226 226 226 226 226 226 226 226 226 226 226 226 226 226 226 226 226 226 226 226 226 226 226 226 
226 226 226 226 226 226 226 226 226 226 226 226 226 226 226 226 226 226 226 226 226 226 226 226 226 226 226 226 226 226 226 226 226 226 226 226 226 226 226 226 226 226 226 226 226 226 226 226 226 226 
226 226 226 226 226 226 226 226 226 226 226 226 226 226 226 226 226 226 226 226 226 226 226 226 226 226 226 226 226 226 226 226 226 226 226 226 226 226 226 226 226 226 226 226 226 226 226 226 226 226 
226 226 226 226 226 226 226 226 226 226 226 226 226 226 226 226 226 226 226 226 226 226 226 226 226 226 226 226 226 226 226 226 226 226 226 226 226 226 226 226 226 226 226 226 226 226 226 226 226 226 
226 226 226 226 226 226 226 226 226 226 226 226 226 226 226 226 226 226 226 226 226 226 226 226 226 226 226 226 226 226 226 226 226 226 226 226 226 226 226 226 226 226 226 226 226 226 226 226 226 226 
226 226 226 226 226 226 226 226 226 226 226 226 226 226 226 226 226 226 226 226 226 226 226 226 226 226 226 226 226 226 226 226 226 226 226 226 226 226 226 226 226 226 226 226 226 226 226 226 226 226 
226 226 226 226 226 226 226 226 226 226 226 226 226 226 226 226 226 226 226 226 226 226 226 226 226 226 226 226 226 226 226 226 226 226 226 226 226 226 226 226 226 226 226 226 226 226 226 226 226 226 
226 226 226 226 226 226 226 226 226 226 226 226 226 226 226 226 226 226 226 226 226 226 226 226 226 226 226 226 226 226 226 226 226 226 226 226 226 226 226 226 226 226 226 226 226 226 226 226 226 226 
226 226 226 226 226 226 226 226 226 226 226 226 226 226 226 226 226 226 226 226 226 226 226 226 226 226 226 226 226 226 226 226 226 226 226 226 226 226 226 226 226 226 226 226 226 226 226 226 226 226 
226 226 226 226 226 226 226 226 226 226 226 226 226 226 226 226 226 226 226 226 226 226 226 226 226 226 226 226 226 226 226 226 226 226 226 226 226 226 226 226 226 226 226 226 226 226 226 226 226 226 
